tick,susceptible,exposed,infectious,recovered
0,99.0,1.0,0.0,0.0
1,99.0,1.0,0.0,0.0
2,99.0,1.0,0.0,0.0
3,99.0,1.0,0.0,0.0
4,99.0,1.0,0.0,0.0
5,99.0,1.0,0.0,0.0
6,99.0,1.0,0.0,0.0
7,99.0,1.0,0.0,0.0
8,99.0,1.0,0.0,0.0
9,99.0,1.0,0.0,0.0
10,99.0,1.0,0.0,0.0
11,99.0,1.0,0.0,0.0
12,99.0,1.0,0.0,0.0
13,99.0,1.0,0.0,0.0
14,99.0,1.0,0.0,0.0
15,99.0,1.0,0.0,0.0
16,99.0,1.0,0.0,0.0
17,99.0,1.0,0.0,0.0
18,99.0,1.0,0.0,0.0
19,99.0,1.0,0.0,0.0
20,99.0,1.0,0.0,0.0
21,99.0,1.0,0.0,0.0
22,99.0,1.0,0.0,0.0
23,99.0,1.0,0.0,0.0
24,99.0,1.0,0.0,0.0
25,99.0,1.0,0.0,0.0
26,99.0,1.0,0.0,0.0
27,99.0,1.0,0.0,0.0
28,99.0,1.0,0.0,0.0
29,99.0,1.0,0.0,0.0
30,99.0,1.0,0.0,0.0
31,99.0,1.0,0.0,0.0
32,99.0,1.0,0.0,0.0
33,99.0,1.0,0.0,0.0
34,99.0,1.0,0.0,0.0
35,99.0,1.0,0.0,0.0
36,99.0,1.0,0.0,0.0
37,99.0,1.0,0.0,0.0
38,99.0,1.0,0.0,0.0
39,99.0,1.0,0.0,0.0
40,99.0,1.0,0.0,0.0
41,99.0,1.0,0.0,0.0
42,99.0,1.0,0.0,0.0
43,99.0,1.0,0.0,0.0
44,99.0,1.0,0.0,0.0
45,99.0,1.0,0.0,0.0
46,99.0,1.0,0.0,0.0
47,99.0,1.0,0.0,0.0
48,99.0,1.0,0.0,0.0
49,99.0,1.0,0.0,0.0
50,99.0,1.0,0.0,0.0
51,99.0,1.0,0.0,0.0
52,99.0,1.0,0.0,0.0
53,99.0,1.0,0.0,0.0
54,99.0,1.0,0.0,0.0
55,99.0,1.0,0.0,0.0
56,99.0,1.0,0.0,0.0
57,99.0,1.0,0.0,0.0
58,99.0,1.0,0.0,0.0
59,99.0,1.0,0.0,0.0
60,99.0,1.0,0.0,0.0
61,99.0,1.0,0.0,0.0
62,99.0,1.0,0.0,0.0
63,99.0,1.0,0.0,0.0
64,99.0,1.0,0.0,0.0
65,99.0,1.0,0.0,0.0
66,99.0,1.0,0.0,0.0
67,99.0,1.0,0.0,0.0
68,99.0,1.0,0.0,0.0
69,99.0,1.0,0.0,0.0
70,99.0,1.0,0.0,0.0
71,99.0,1.0,0.0,0.0
72,99.0,1.0,0.0,0.0
73,99.0,1.0,0.0,0.0
74,99.0,1.0,0.0,0.0
75,99.0,1.0,0.0,0.0
76,99.0,1.0,0.0,0.0
77,99.0,1.0,0.0,0.0
78,99.0,1.0,0.0,0.0
79,99.0,1.0,0.0,0.0
80,99.0,1.0,0.0,0.0
81,99.0,1.0,0.0,0.0
82,99.0,1.0,0.0,0.0
83,99.0,1.0,0.0,0.0
84,99.0,1.0,0.0,0.0
85,99.0,1.0,0.0,0.0
86,99.0,1.0,0.0,0.0
87,99.0,1.0,0.0,0.0
88,99.0,1.0,0.0,0.0
89,99.0,1.0,0.0,0.0
90,99.0,1.0,0.0,0.0
91,99.0,1.0,0.0,0.0
92,99.0,1.0,0.0,0.0
93,99.0,1.0,0.0,0.0
94,99.0,1.0,0.0,0.0
95,99.0,1.0,0.0,0.0
96,99.0,1.0,0.0,0.0
97,99.0,1.0,0.0,0.0
98,99.0,1.0,0.0,0.0
99,99.0,1.0,0.0,0.0
100,99.0,1.0,0.0,0.0
101,99.0,1.0,0.0,0.0
102,99.0,1.0,0.0,0.0
103,99.0,1.0,0.0,0.0
104,99.0,1.0,0.0,0.0
105,99.0,1.0,0.0,0.0
106,99.0,1.0,0.0,0.0
107,99.0,1.0,0.0,0.0
108,99.0,1.0,0.0,0.0
109,99.0,1.0,0.0,0.0
110,99.0,1.0,0.0,0.0
111,99.0,1.0,0.0,0.0
112,99.0,1.0,0.0,0.0
113,99.0,1.0,0.0,0.0
114,99.0,1.0,0.0,0.0
115,99.0,1.0,0.0,0.0
116,99.0,1.0,0.0,0.0
117,99.0,1.0,0.0,0.0
118,99.0,1.0,0.0,0.0
119,99.0,1.0,0.0,0.0
120,99.0,1.0,0.0,0.0
121,99.0,1.0,0.0,0.0
122,99.0,1.0,0.0,0.0
123,99.0,1.0,0.0,0.0
124,99.0,1.0,0.0,0.0
125,99.0,1.0,0.0,0.0
126,99.0,1.0,0.0,0.0
127,99.0,1.0,0.0,0.0
128,99.0,1.0,0.0,0.0
129,99.0,1.0,0.0,0.0
130,99.0,1.0,0.0,0.0
131,99.0,1.0,0.0,0.0
132,99.0,1.0,0.0,0.0
133,99.0,1.0,0.0,0.0
134,99.0,1.0,0.0,0.0
135,99.0,1.0,0.0,0.0
136,99.0,1.0,0.0,0.0
137,99.0,1.0,0.0,0.0
138,99.0,1.0,0.0,0.0
139,99.0,1.0,0.0,0.0
140,99.0,1.0,0.0,0.0
141,99.0,1.0,0.0,0.0
142,99.0,1.0,0.0,0.0
143,99.0,1.0,0.0,0.0
144,99.0,1.0,0.0,0.0
145,99.0,1.0,0.0,0.0
146,99.0,1.0,0.0,0.0
147,99.0,1.0,0.0,0.0
148,99.0,1.0,0.0,0.0
149,99.0,1.0,0.0,0.0
150,99.0,1.0,0.0,0.0
151,99.0,1.0,0.0,0.0
152,99.0,1.0,0.0,0.0
153,99.0,1.0,0.0,0.0
154,99.0,1.0,0.0,0.0
155,99.0,1.0,0.0,0.0
156,99.0,1.0,0.0,0.0
157,99.0,1.0,0.0,0.0
158,99.0,1.0,0.0,0.0
159,99.0,1.0,0.0,0.0
160,99.0,1.0,0.0,0.0
161,99.0,1.0,0.0,0.0
162,99.0,1.0,0.0,0.0
163,99.0,1.0,0.0,0.0
164,99.0,1.0,0.0,0.0
165,99.0,1.0,0.0,0.0
166,99.0,1.0,0.0,0.0
167,99.0,1.0,0.0,0.0
168,99.0,1.0,0.0,0.0
169,99.0,1.0,0.0,0.0
170,99.0,1.0,0.0,0.0
171,99.0,1.0,0.0,0.0
172,99.0,1.0,0.0,0.0
173,99.0,1.0,0.0,0.0
174,99.0,1.0,0.0,0.0
175,99.0,1.0,0.0,0.0
176,99.0,1.0,0.0,0.0
177,99.0,1.0,0.0,0.0
178,99.0,1.0,0.0,0.0
179,99.0,1.0,0.0,0.0
180,99.0,1.0,0.0,0.0
181,99.0,1.0,0.0,0.0
182,99.0,1.0,0.0,0.0
183,99.0,1.0,0.0,0.0
184,99.0,1.0,0.0,0.0
185,99.0,1.0,0.0,0.0
186,99.0,1.0,0.0,0.0
187,99.0,1.0,0.0,0.0
188,99.0,1.0,0.0,0.0
189,99.0,1.0,0.0,0.0
190,99.0,1.0,0.0,0.0
191,99.0,1.0,0.0,0.0
192,99.0,1.0,0.0,0.0
193,99.0,1.0,0.0,0.0
194,99.0,1.0,0.0,0.0
195,99.0,1.0,0.0,0.0
196,99.0,1.0,0.0,0.0
197,99.0,1.0,0.0,0.0
198,99.0,1.0,0.0,0.0
199,99.0,1.0,0.0,0.0
200,99.0,1.0,0.0,0.0
201,98.965,0.035,1.0,0.0
202,98.842,0.158,1.0,0.0
203,98.723,0.277,1.0,0.0
204,98.601,0.399,1.0,0.0
205,98.479,0.521,1.0,0.0
206,98.383,0.617,1.0,0.0
207,98.29,0.71,1.0,0.0
208,98.195,0.805,1.0,0.0
209,98.129,0.871,1.0,0.0
210,98.046,0.954,1.0,0.0
211,97.966,1.034,1.0,0.0
212,97.893,1.107,1.0,0.0
213,97.827,1.173,1.0,0.0
214,97.722,1.278,1.0,0.0
215,97.658,1.342,1.0,0.0
216,97.589,1.411,1.0,0.0
217,97.525,1.475,1.0,0.0
218,97.445,1.555,1.0,0.0
219,97.38,1.62,1.0,0.0
220,97.327,1.673,1.0,0.0
221,97.269,1.731,1.0,0.0
222,97.214,1.786,1.0,0.0
223,97.146,1.854,1.0,0.0
224,97.084,1.916,1.0,0.0
225,97.02,1.98,1.0,0.0
226,96.96,2.04,1.0,0.0
227,96.899,2.101,1.0,0.0
228,96.838,2.162,1.0,0.0
229,96.788,2.212,1.0,0.0
230,96.739,2.261,1.0,0.0
231,96.683,2.317,1.0,0.0
232,96.639,2.361,1.0,0.0
233,96.588,2.412,1.0,0.0
234,96.533,2.467,1.0,0.0
235,96.484,2.516,1.0,0.0
236,96.419,2.581,1.0,0.0
237,96.375,2.625,1.0,0.0
238,96.312,2.688,1.0,0.0
239,96.251,2.749,1.0,0.0
240,96.207,2.793,1.0,0.0
241,96.15,2.85,1.0,0.0
242,96.102,2.898,1.0,0.0
243,96.047,2.953,1.0,0.0
244,95.998,3.002,1.0,0.0
245,95.95,3.05,1.0,0.0
246,95.897,3.103,1.0,0.0
247,95.836,3.164,1.0,0.0
248,95.774,3.226,1.0,0.0
249,95.717,3.283,1.0,0.0
250,95.659,3.341,1.0,0.0
251,95.597,3.403,1.0,0.0
252,95.55,3.45,1.0,0.0
253,95.51,3.49,1.0,0.0
254,95.459,3.541,1.0,0.0
255,95.42,3.58,1.0,0.0
256,95.367,3.633,1.0,0.0
257,95.313,3.687,1.0,0.0
258,95.262,3.738,1.0,0.0
259,95.214,3.786,1.0,0.0
260,95.17,3.83,1.0,0.0
261,95.116,3.884,1.0,0.0
262,95.067,3.933,1.0,0.0
263,95.015,3.985,1.0,0.0
264,94.96,4.04,1.0,0.0
265,94.882,4.118,1.0,0.0
266,94.834,4.166,1.0,0.0
267,94.783,4.217,1.0,0.0
268,94.73,4.27,1.0,0.0
269,94.678,4.322,1.0,0.0
270,94.625,4.375,1.0,0.0
271,94.569,4.431,1.0,0.0
272,94.525,4.475,1.0,0.0
273,94.471,4.529,1.0,0.0
274,94.413,4.587,1.0,0.0
275,94.373,4.627,1.0,0.0
276,94.329,4.671,1.0,0.0
277,94.288,4.712,1.0,0.0
278,94.24,4.76,1.0,0.0
279,94.2,4.8,1.0,0.0
280,94.161,4.839,1.0,0.0
281,94.102,4.898,1.0,0.0
282,94.055,4.945,1.0,0.0
283,94.005,4.995,1.0,0.0
284,93.965,5.035,1.0,0.0
285,93.905,5.095,1.0,0.0
286,93.857,5.143,1.0,0.0
287,93.821,5.179,1.0,0.0
288,93.775,5.225,1.0,0.0
289,93.718,5.282,1.0,0.0
290,93.668,5.332,1.0,0.0
291,93.634,5.366,1.0,0.0
292,93.589,5.411,1.0,0.0
293,93.541,5.459,1.0,0.0
294,93.492,5.508,1.0,0.0
295,93.438,5.562,1.0,0.0
296,93.398,5.602,1.0,0.0
297,93.35,5.65,1.0,0.0
298,93.294,5.706,1.0,0.0
299,93.232,5.768,1.0,0.0
300,93.187,5.813,1.0,0.0
301,93.119,5.881,1.0,0.0
302,93.069,5.931,1.0,0.0
303,93.021,5.979,1.0,0.0
304,92.97,6.03,1.0,0.0
305,92.914,6.086,1.0,0.0
306,92.868,6.132,1.0,0.0
307,92.818,6.182,1.0,0.0
308,92.755,6.245,1.0,0.0
309,92.711,6.289,1.0,0.0
310,92.671,6.329,1.0,0.0
311,92.633,6.367,1.0,0.0
312,92.583,6.417,1.0,0.0
313,92.539,6.461,1.0,0.0
314,92.483,6.517,1.0,0.0
315,92.438,6.562,1.0,0.0
316,92.382,6.618,1.0,0.0
317,92.338,6.662,1.0,0.0
318,92.269,6.731,1.0,0.0
319,92.221,6.779,1.0,0.0
320,92.174,6.826,1.0,0.0
321,92.125,6.875,1.0,0.0
322,92.073,6.927,1.0,0.0
323,92.021,6.979,1.0,0.0
324,91.978,7.022,1.0,0.0
325,91.923,7.077,1.0,0.0
326,91.884,7.116,1.0,0.0
327,91.833,7.167,1.0,0.0
328,91.778,7.222,1.0,0.0
329,91.726,7.274,1.0,0.0
330,91.685,7.315,1.0,0.0
331,91.638,7.362,1.0,0.0
332,91.571,7.429,1.0,0.0
333,91.531,7.469,1.0,0.0
334,91.483,7.517,1.0,0.0
335,91.423,7.577,1.0,0.0
336,91.388,7.612,1.0,0.0
337,91.339,7.661,1.0,0.0
338,91.295,7.705,1.0,0.0
339,91.268,7.732,1.0,0.0
340,91.223,7.777,1.0,0.0
341,91.171,7.829,1.0,0.0
342,91.133,7.867,1.0,0.0
343,91.088,7.912,1.0,0.0
344,91.031,7.969,1.0,0.0
345,90.981,8.019,1.0,0.0
346,90.936,8.064,1.0,0.0
347,90.899,8.101,1.0,0.0
348,90.858,8.142,1.0,0.0
349,90.814,8.186,1.0,0.0
350,90.777,8.223,1.0,0.0
351,90.743,8.257,1.0,0.0
352,90.707,8.293,1.0,0.0
353,90.664,8.336,1.0,0.0
354,90.63,8.37,1.0,0.0
355,90.579,8.421,1.0,0.0
356,90.535,8.465,1.0,0.0
357,90.497,8.503,1.0,0.0
358,90.458,8.542,1.0,0.0
359,90.418,8.582,1.0,0.0
360,90.388,8.612,1.0,0.0
361,90.347,8.653,1.0,0.0
362,90.31,8.69,1.0,0.0
363,90.259,8.741,1.0,0.0
364,90.212,8.788,1.0,0.0
365,90.173,8.827,1.0,0.0
366,90.119,8.881,1.0,0.0
367,90.071,8.929,1.0,0.0
368,90.031,8.969,1.0,0.0
369,89.988,9.012,1.0,0.0
370,89.955,9.045,1.0,0.0
371,89.918,9.082,1.0,0.0
372,89.883,9.117,1.0,0.0
373,89.844,9.156,1.0,0.0
374,89.8,9.2,1.0,0.0
375,89.755,9.245,1.0,0.0
376,89.693,9.307,1.0,0.0
377,89.652,9.348,1.0,0.0
378,89.618,9.382,1.0,0.0
379,89.577,9.423,1.0,0.0
380,89.529,9.471,1.0,0.0
381,89.5,9.5,1.0,0.0
382,89.452,9.548,1.0,0.0
383,89.414,9.586,1.0,0.0
384,89.375,9.625,1.0,0.0
385,89.324,9.676,1.0,0.0
386,89.277,9.723,1.0,0.0
387,89.229,9.771,1.0,0.0
388,89.182,9.818,1.0,0.0
389,89.139,9.861,1.0,0.0
390,89.098,9.902,1.0,0.0
391,89.059,9.941,1.0,0.0
392,89.014,9.986,1.0,0.0
393,88.951,10.049,1.0,0.0
394,88.916,10.084,1.0,0.0
395,88.879,10.121,1.0,0.0
396,88.837,10.163,1.0,0.0
397,88.785,10.215,1.0,0.0
398,88.747,10.253,1.0,0.0
399,88.707,10.293,1.0,0.0
400,88.679,10.321,1.0,0.0
401,88.633,10.367,1.0,0.0
402,88.605,10.36,0.035,1.0
403,88.582,10.26,0.158,1.0
404,88.547,10.176,0.277,1.0
405,88.493,10.108,0.399,1.0
406,88.43,10.049,0.521,1.0
407,88.338,10.045,0.617,1.0
408,88.237,10.053,0.71,1.0
409,88.131,10.064,0.805,1.0
410,87.995,10.134,0.871,1.0
411,87.883,10.163,0.954,1.0
412,87.761,10.205,1.034,1.0
413,87.65,10.243,1.107,1.0
414,87.521,10.306,1.173,1.0
415,87.382,10.34,1.278,1.0
416,87.234,10.424,1.342,1.0
417,87.08,10.509,1.411,1.0
418,86.949,10.576,1.475,1.0
419,86.807,10.638,1.555,1.0
420,86.625,10.755,1.62,1.0
421,86.465,10.862,1.673,1.0
422,86.305,10.964,1.731,1.0
423,86.152,11.062,1.786,1.0
424,86.003,11.143,1.854,1.0
425,85.852,11.232,1.916,1.0
426,85.697,11.323,1.98,1.0
427,85.553,11.407,2.04,1.0
428,85.377,11.522,2.101,1.0
429,85.193,11.645,2.162,1.0
430,85.021,11.767,2.212,1.0
431,84.855,11.884,2.261,1.0
432,84.698,11.985,2.317,1.0
433,84.533,12.106,2.361,1.0
434,84.385,12.203,2.412,1.0
435,84.222,12.311,2.467,1.0
436,84.028,12.456,2.516,1.0
437,83.858,12.561,2.581,1.0
438,83.696,12.679,2.625,1.0
439,83.541,12.771,2.688,1.0
440,83.385,12.866,2.749,1.0
441,83.213,12.994,2.793,1.0
442,83.042,13.108,2.85,1.0
443,82.892,13.21,2.898,1.0
444,82.716,13.331,2.953,1.0
445,82.557,13.441,3.002,1.0
446,82.37,13.58,3.05,1.0
447,82.201,13.696,3.103,1.0
448,82.025,13.811,3.164,1.0
449,81.865,13.909,3.226,1.0
450,81.691,14.026,3.283,1.0
451,81.536,14.123,3.341,1.0
452,81.369,14.228,3.403,1.0
453,81.183,14.367,3.45,1.0
454,80.996,14.514,3.49,1.0
455,80.795,14.664,3.541,1.0
456,80.614,14.806,3.58,1.0
457,80.414,14.953,3.633,1.0
458,80.209,15.104,3.687,1.0
459,80.018,15.244,3.738,1.0
460,79.836,15.378,3.786,1.0
461,79.648,15.522,3.83,1.0
462,79.453,15.663,3.884,1.0
463,79.251,15.816,3.933,1.0
464,79.029,15.986,3.985,1.0
465,78.855,16.105,4.04,1.0
466,78.648,16.234,4.118,1.0
467,78.468,16.366,4.166,1.0
468,78.283,16.5,4.217,1.0
469,78.096,16.634,4.27,1.0
470,77.89,16.788,4.322,1.0
471,77.71,16.915,4.375,1.0
472,77.458,17.111,4.431,1.0
473,77.277,17.248,4.475,1.0
474,77.085,17.386,4.529,1.0
475,76.898,17.515,4.587,1.0
476,76.7,17.673,4.627,1.0
477,76.501,17.828,4.671,1.0
478,76.308,17.98,4.712,1.0
479,76.091,18.149,4.76,1.0
480,75.867,18.333,4.8,1.0
481,75.679,18.482,4.839,1.0
482,75.479,18.623,4.898,1.0
483,75.276,18.779,4.945,1.0
484,75.091,18.914,4.995,1.0
485,74.91,19.055,5.035,1.0
486,74.713,19.192,5.095,1.0
487,74.488,19.369,5.143,1.0
488,74.294,19.527,5.179,1.0
489,74.083,19.692,5.225,1.0
490,73.861,19.857,5.282,1.0
491,73.678,19.99,5.332,1.0
492,73.477,20.157,5.366,1.0
493,73.275,20.314,5.411,1.0
494,73.079,20.462,5.459,1.0
495,72.889,20.603,5.508,1.0
496,72.68,20.758,5.562,1.0
497,72.441,20.957,5.602,1.0
498,72.262,21.088,5.65,1.0
499,72.083,21.211,5.706,1.0
500,71.864,21.368,5.768,1.0
501,71.655,21.532,5.813,1.0
502,71.432,21.687,5.881,1.0
503,71.221,21.848,5.931,1.0
504,71.007,22.014,5.979,1.0
505,70.789,22.181,6.03,1.0
506,70.573,22.341,6.086,1.0
507,70.365,22.503,6.132,1.0
508,70.145,22.673,6.182,1.0
509,69.926,22.829,6.245,1.0
510,69.685,23.026,6.289,1.0
511,69.463,23.208,6.329,1.0
512,69.235,23.398,6.367,1.0
513,69.028,23.555,6.417,1.0
514,68.823,23.716,6.461,1.0
515,68.597,23.886,6.517,1.0
516,68.377,24.061,6.562,1.0
517,68.159,24.223,6.618,1.0
518,67.939,24.399,6.662,1.0
519,67.7,24.569,6.731,1.0
520,67.488,24.733,6.779,1.0
521,67.258,24.916,6.826,1.0
522,67.051,25.074,6.875,1.0
523,66.802,25.271,6.927,1.0
524,66.595,25.426,6.979,1.0
525,66.372,25.606,7.022,1.0
526,66.166,25.757,7.077,1.0
527,65.945,25.939,7.116,1.0
528,65.729,26.104,7.167,1.0
529,65.48,26.298,7.222,1.0
530,65.266,26.46,7.274,1.0
531,65.042,26.643,7.315,1.0
532,64.804,26.834,7.362,1.0
533,64.581,26.99,7.429,1.0
534,64.326,27.205,7.469,1.0
535,64.08,27.403,7.517,1.0
536,63.871,27.552,7.577,1.0
537,63.65,27.738,7.612,1.0
538,63.44,27.899,7.661,1.0
539,63.244,28.051,7.705,1.0
540,63.026,28.242,7.732,1.0
541,62.811,28.412,7.777,1.0
542,62.606,28.565,7.829,1.0
543,62.397,28.736,7.867,1.0
544,62.187,28.901,7.912,1.0
545,61.951,29.08,7.969,1.0
546,61.759,29.222,8.019,1.0
547,61.522,29.414,8.064,1.0
548,61.284,29.615,8.101,1.0
549,61.057,29.801,8.142,1.0
550,60.809,30.005,8.186,1.0
551,60.581,30.196,8.223,1.0
552,60.362,30.381,8.257,1.0
553,60.129,30.578,8.293,1.0
554,59.905,30.759,8.336,1.0
555,59.655,30.975,8.37,1.0
556,59.377,31.202,8.421,1.0
557,59.166,31.369,8.465,1.0
558,58.938,31.559,8.503,1.0
559,58.704,31.754,8.542,1.0
560,58.5,31.918,8.582,1.0
561,58.263,32.125,8.612,1.0
562,58.064,32.283,8.653,1.0
563,57.849,32.461,8.69,1.0
564,57.611,32.648,8.741,1.0
565,57.353,32.859,8.788,1.0
566,57.141,33.032,8.827,1.0
567,56.903,33.216,8.881,1.0
568,56.688,33.383,8.929,1.0
569,56.459,33.572,8.969,1.0
570,56.22,33.768,9.012,1.0
571,55.977,33.978,9.045,1.0
572,55.753,34.165,9.082,1.0
573,55.518,34.365,9.117,1.0
574,55.273,34.571,9.156,1.0
575,55.047,34.753,9.2,1.0
576,54.818,34.937,9.245,1.0
577,54.609,35.084,9.307,1.0
578,54.41,35.242,9.348,1.0
579,54.188,35.43,9.382,1.0
580,53.965,35.612,9.423,1.0
581,53.753,35.776,9.471,1.0
582,53.512,35.988,9.5,1.0
583,53.281,36.171,9.548,1.0
584,53.065,36.349,9.586,1.0
585,52.821,36.554,9.625,1.0
586,52.601,36.723,9.676,1.0
587,52.396,36.881,9.723,1.0
588,52.174,37.055,9.771,1.0
589,51.938,37.244,9.818,1.0
590,51.719,37.42,9.861,1.0
591,51.517,37.581,9.902,1.0
592,51.289,37.77,9.941,1.0
593,51.068,37.946,9.986,1.0
594,50.846,38.105,10.049,1.0
595,50.621,38.295,10.084,1.0
596,50.401,38.478,10.121,1.0
597,50.193,38.644,10.163,1.0
598,49.967,38.818,10.215,1.0
599,49.749,38.998,10.253,1.0
600,49.511,39.196,10.293,1.0
601,49.318,39.361,10.321,1.0
602,49.108,39.525,10.367,1.0
603,48.906,39.699,10.36,1.035
604,48.693,39.889,10.26,1.158
605,48.497,40.05,10.176,1.277
606,48.315,40.178,10.108,1.399
607,48.135,40.295,10.049,1.521
608,47.935,40.403,10.045,1.617
609,47.719,40.518,10.053,1.71
610,47.475,40.656,10.064,1.805
611,47.249,40.746,10.134,1.871
612,47.032,40.851,10.163,1.954
613,46.816,40.945,10.205,2.034
614,46.591,41.059,10.243,2.107
615,46.372,41.149,10.306,2.173
616,46.138,41.244,10.34,2.278
617,45.9,41.334,10.424,2.342
618,45.7,41.38,10.509,2.411
619,45.458,41.491,10.576,2.475
620,45.223,41.584,10.638,2.555
621,45.005,41.62,10.755,2.62
622,44.784,41.681,10.862,2.673
623,44.536,41.769,10.964,2.731
624,44.32,41.832,11.062,2.786
625,44.111,41.892,11.143,2.854
626,43.898,41.954,11.232,2.916
627,43.696,42.001,11.323,2.98
628,43.462,42.091,11.407,3.04
629,43.257,42.12,11.522,3.101
630,43.033,42.16,11.645,3.162
631,42.81,42.211,11.767,3.212
632,42.59,42.265,11.884,3.261
633,42.358,42.34,11.985,3.317
634,42.122,42.411,12.106,3.361
635,41.89,42.495,12.203,3.412
636,41.658,42.564,12.311,3.467
637,41.446,42.582,12.456,3.516
638,41.244,42.614,12.561,3.581
639,41.01,42.686,12.679,3.625
640,40.784,42.757,12.771,3.688
641,40.568,42.817,12.866,3.749
642,40.353,42.86,12.994,3.793
643,40.131,42.911,13.108,3.85
644,39.903,42.989,13.21,3.898
645,39.694,43.022,13.331,3.953
646,39.47,43.087,13.441,4.002
647,39.24,43.13,13.58,4.05
648,39.018,43.183,13.696,4.103
649,38.823,43.202,13.811,4.164
650,38.599,43.266,13.909,4.226
651,38.372,43.319,14.026,4.283
652,38.113,43.423,14.123,4.341
653,37.888,43.481,14.228,4.403
654,37.649,43.534,14.367,4.45
655,37.424,43.572,14.514,4.49
656,37.186,43.609,14.664,4.541
657,36.958,43.656,14.806,4.58
658,36.728,43.686,14.953,4.633
659,36.489,43.72,15.104,4.687
660,36.233,43.785,15.244,4.738
661,35.98,43.856,15.378,4.786
662,35.693,43.955,15.522,4.83
663,35.486,43.967,15.663,4.884
664,35.253,43.998,15.816,4.933
665,35.004,44.025,15.986,4.985
666,34.799,44.056,16.105,5.04
667,34.575,44.073,16.234,5.118
668,34.352,44.116,16.366,5.166
669,34.105,44.178,16.5,5.217
670,33.871,44.225,16.634,5.27
671,33.642,44.248,16.788,5.322
672,33.413,44.297,16.915,5.375
673,33.187,44.271,17.111,5.431
674,32.983,44.294,17.248,5.475
675,32.752,44.333,17.386,5.529
676,32.491,44.407,17.515,5.587
677,32.256,44.444,17.673,5.627
678,32.04,44.461,17.828,5.671
679,31.802,44.506,17.98,5.712
680,31.583,44.508,18.149,5.76
681,31.328,44.539,18.333,5.8
682,31.091,44.588,18.482,5.839
683,30.866,44.613,18.623,5.898
684,30.648,44.628,18.779,5.945
685,30.411,44.68,18.914,5.995
686,30.17,44.74,19.055,6.035
687,29.943,44.77,19.192,6.095
688,29.71,44.778,19.369,6.143
689,29.484,44.81,19.527,6.179
690,29.257,44.826,19.692,6.225
691,29.029,44.832,19.857,6.282
692,28.807,44.871,19.99,6.332
693,28.555,44.922,20.157,6.366
694,28.321,44.954,20.314,6.411
695,28.115,44.964,20.462,6.459
696,27.881,45.008,20.603,6.508
697,27.667,45.013,20.758,6.562
698,27.479,44.962,20.957,6.602
699,27.273,44.989,21.088,6.65
700,27.06,45.023,21.211,6.706
701,26.858,45.006,21.368,6.768
702,26.636,45.019,21.532,6.813
703,26.431,45.001,21.687,6.881
704,26.217,45.004,21.848,6.931
705,25.959,45.048,22.014,6.979
706,25.727,45.062,22.181,7.03
707,25.498,45.075,22.341,7.086
708,25.288,45.077,22.503,7.132
709,25.067,45.078,22.673,7.182
710,24.834,45.092,22.829,7.245
711,24.606,45.079,23.026,7.289
712,24.421,45.042,23.208,7.329
713,24.198,45.037,23.398,7.367
714,23.98,45.048,23.555,7.417
715,23.775,45.048,23.716,7.461
716,23.565,45.032,23.886,7.517
717,23.362,45.015,24.061,7.562
718,23.162,44.997,24.223,7.618
719,22.947,44.992,24.399,7.662
720,22.736,44.964,24.569,7.731
721,22.528,44.96,24.733,7.779
722,22.32,44.938,24.916,7.826
723,22.118,44.933,25.074,7.875
724,21.894,44.908,25.271,7.927
725,21.709,44.886,25.426,7.979
726,21.491,44.881,25.606,8.022
727,21.287,44.879,25.757,8.077
728,21.113,44.832,25.939,8.116
729,20.917,44.812,26.104,8.167
730,20.702,44.778,26.298,8.222
731,20.488,44.778,26.46,8.274
732,20.294,44.748,26.643,8.315
733,20.1,44.704,26.834,8.362
734,19.923,44.658,26.99,8.429
735,19.712,44.614,27.205,8.469
736,19.506,44.574,27.403,8.517
737,19.322,44.549,27.552,8.577
738,19.143,44.507,27.738,8.612
739,18.947,44.493,27.899,8.661
740,18.781,44.463,28.051,8.705
741,18.592,44.434,28.242,8.732
742,18.429,44.382,28.412,8.777
743,18.248,44.358,28.565,8.829
744,18.064,44.333,28.736,8.867
745,17.89,44.297,28.901,8.912
746,17.704,44.247,29.08,8.969
747,17.545,44.214,29.222,9.019
748,17.366,44.156,29.414,9.064
749,17.192,44.092,29.615,9.101
750,17.031,44.026,29.801,9.142
751,16.858,43.951,30.005,9.186
752,16.688,43.893,30.196,9.223
753,16.507,43.855,30.381,9.257
754,16.345,43.784,30.578,9.293
755,16.146,43.759,30.759,9.336
756,15.977,43.678,30.975,9.37
757,15.818,43.559,31.202,9.421
758,15.628,43.538,31.369,9.465
759,15.465,43.473,31.559,9.503
760,15.297,43.407,31.754,9.542
761,15.126,43.374,31.918,9.582
762,14.951,43.312,32.125,9.612
763,14.765,43.299,32.283,9.653
764,14.604,43.245,32.461,9.69
765,14.455,43.156,32.648,9.741
766,14.298,43.055,32.859,9.788
767,14.152,42.989,33.032,9.827
768,14.001,42.902,33.216,9.881
769,13.865,42.823,33.383,9.929
770,13.705,42.754,33.572,9.969
771,13.548,42.672,33.768,10.012
772,13.379,42.598,33.978,10.045
773,13.213,42.54,34.165,10.082
774,13.05,42.468,34.365,10.117
775,12.892,42.381,34.571,10.156
776,12.726,42.321,34.753,10.2
777,12.581,42.237,34.937,10.245
778,12.448,42.161,35.084,10.307
779,12.294,42.116,35.242,10.348
780,12.137,42.051,35.43,10.382
781,11.997,41.968,35.612,10.423
782,11.861,41.892,35.776,10.471
783,11.727,41.785,35.988,10.5
784,11.595,41.686,36.171,10.548
785,11.441,41.624,36.349,10.586
786,11.321,41.5,36.554,10.625
787,11.198,41.403,36.723,10.676
788,11.054,41.342,36.881,10.723
789,10.907,41.267,37.055,10.771
790,10.76,41.178,37.244,10.818
791,10.629,41.09,37.42,10.861
792,10.488,41.029,37.581,10.902
793,10.353,40.936,37.77,10.941
794,10.196,40.872,37.946,10.986
795,10.067,40.779,38.105,11.049
796,9.919,40.702,38.295,11.084
797,9.803,40.598,38.478,11.121
798,9.71,40.483,38.644,11.163
799,9.594,40.373,38.818,11.215
800,9.473,40.276,38.998,11.253
801,9.347,40.164,39.196,11.293
802,9.23,40.088,39.361,11.321
803,9.119,39.989,39.525,11.367
804,8.985,39.921,39.699,11.395
805,8.857,39.836,39.889,11.418
806,8.726,39.771,40.05,11.453
807,8.627,39.688,40.178,11.507
808,8.528,39.607,40.295,11.57
809,8.424,39.511,40.403,11.662
810,8.319,39.4,40.518,11.763
811,8.208,39.267,40.656,11.869
812,8.107,39.142,40.746,12.005
813,7.996,39.036,40.851,12.117
814,7.886,38.93,40.945,12.239
815,7.779,38.812,41.059,12.35
816,7.675,38.697,41.149,12.479
817,7.571,38.567,41.244,12.618
818,7.46,38.44,41.334,12.766
819,7.365,38.335,41.38,12.92
820,7.263,38.195,41.491,13.051
821,7.166,38.057,41.584,13.193
822,7.056,37.949,41.62,13.375
823,6.946,37.838,41.681,13.535
824,6.841,37.695,41.769,13.695
825,6.752,37.568,41.832,13.848
826,6.647,37.464,41.892,13.997
827,6.553,37.345,41.954,14.148
828,6.474,37.222,42.001,14.303
829,6.372,37.09,42.091,14.447
830,6.293,36.964,42.12,14.623
831,6.217,36.816,42.16,14.807
832,6.135,36.675,42.211,14.979
833,6.053,36.537,42.265,15.145
834,5.978,36.38,42.34,15.302
835,5.913,36.209,42.411,15.467
836,5.84,36.05,42.495,15.615
837,5.766,35.892,42.564,15.778
838,5.678,35.768,42.582,15.972
839,5.575,35.669,42.614,16.142
840,5.49,35.52,42.686,16.304
841,5.422,35.362,42.757,16.459
842,5.33,35.238,42.817,16.615
843,5.243,35.11,42.86,16.787
844,5.171,34.96,42.911,16.958
845,5.109,34.794,42.989,17.108
846,5.035,34.659,43.022,17.284
847,4.95,34.52,43.087,17.443
848,4.893,34.347,43.13,17.63
849,4.831,34.187,43.183,17.799
850,4.773,34.05,43.202,17.975
851,4.717,33.882,43.266,18.135
852,4.647,33.725,43.319,18.309
853,4.574,33.539,43.423,18.464
854,4.502,33.386,43.481,18.631
855,4.439,33.21,43.534,18.817
856,4.393,33.031,43.572,19.004
857,4.334,32.852,43.609,19.205
858,4.283,32.675,43.656,19.386
859,4.215,32.513,43.686,19.586
860,4.162,32.327,43.72,19.791
861,4.11,32.123,43.785,19.982
862,4.049,31.931,43.856,20.164
863,3.992,31.701,43.955,20.352
864,3.938,31.548,43.967,20.547
865,3.884,31.369,43.998,20.749
866,3.83,31.174,44.025,20.971
867,3.771,31.028,44.056,21.145
868,3.715,30.86,44.073,21.352
869,3.677,30.675,44.116,21.532
870,3.613,30.492,44.178,21.717
871,3.555,30.316,44.225,21.904
872,3.502,30.14,44.248,22.11
873,3.462,29.951,44.297,22.29
874,3.406,29.781,44.271,22.542
875,3.346,29.637,44.294,22.723
876,3.289,29.463,44.333,22.915
877,3.247,29.244,44.407,23.102
878,3.185,29.071,44.444,23.3
879,3.123,28.917,44.461,23.499
880,3.071,28.731,44.506,23.692
881,3.027,28.556,44.508,23.909
882,2.99,28.338,44.539,24.133
883,2.949,28.142,44.588,24.321
884,2.911,27.955,44.613,24.521
885,2.879,27.769,44.628,24.724
886,2.834,27.577,44.68,24.909
887,2.787,27.383,44.74,25.09
888,2.759,27.184,44.77,25.287
889,2.71,27.0,44.778,25.512
890,2.667,26.817,44.81,25.706
891,2.622,26.635,44.826,25.917
892,2.584,26.445,44.832,26.139
893,2.544,26.263,44.871,26.322
894,2.513,26.042,44.922,26.523
895,2.484,25.837,44.954,26.725
896,2.444,25.671,44.964,26.921
897,2.401,25.48,45.008,27.111
898,2.372,25.295,45.013,27.32
899,2.332,25.147,44.962,27.559
900,2.294,24.979,44.989,27.738
901,2.252,24.808,45.023,27.917
902,2.213,24.645,45.006,28.136
903,2.174,24.462,45.019,28.345
904,2.146,24.285,45.001,28.568
905,2.114,24.103,45.004,28.779
906,2.088,23.871,45.048,28.993
907,2.051,23.676,45.062,29.211
908,2.012,23.486,45.075,29.427
909,1.977,23.311,45.077,29.635
910,1.954,23.113,45.078,29.855
911,1.93,22.904,45.092,30.074
912,1.9,22.706,45.079,30.315
913,1.878,22.543,45.042,30.537
914,1.852,22.346,45.037,30.765
915,1.836,22.144,45.048,30.972
916,1.812,21.963,45.048,31.177
917,1.792,21.773,45.032,31.403
918,1.764,21.598,45.015,31.623
919,1.732,21.43,44.997,31.841
920,1.695,21.252,44.992,32.061
921,1.675,21.061,44.964,32.3
922,1.638,20.89,44.96,32.512
923,1.619,20.701,44.938,32.742
924,1.584,20.534,44.933,32.949
925,1.558,20.336,44.908,33.198
926,1.532,20.177,44.886,33.405
927,1.509,19.982,44.881,33.628
928,1.488,19.799,44.879,33.834
929,1.464,19.649,44.832,34.055
930,1.439,19.478,44.812,34.271
931,1.411,19.291,44.778,34.52
932,1.399,19.089,44.778,34.734
933,1.378,18.916,44.748,34.958
934,1.361,18.739,44.704,35.196
935,1.339,18.584,44.658,35.419
936,1.316,18.396,44.614,35.674
937,1.292,18.214,44.574,35.92
938,1.27,18.052,44.549,36.129
939,1.252,17.891,44.507,36.35
940,1.231,17.716,44.493,36.56
941,1.211,17.57,44.463,36.756
942,1.196,17.396,44.434,36.974
943,1.179,17.25,44.382,37.189
944,1.16,17.088,44.358,37.394
945,1.137,16.927,44.333,37.603
946,1.122,16.768,44.297,37.813
947,1.099,16.605,44.247,38.049
948,1.076,16.469,44.214,38.241
949,1.057,16.309,44.156,38.478
950,1.045,16.147,44.092,38.716
951,1.026,16.005,44.026,38.943
952,1.013,15.845,43.951,39.191
953,0.991,15.697,43.893,39.419
954,0.983,15.524,43.855,39.638
955,0.966,15.379,43.784,39.871
956,0.952,15.194,43.759,40.095
957,0.94,15.037,43.678,40.345
958,0.923,14.895,43.559,40.623
959,0.91,14.718,43.538,40.834
960,0.897,14.568,43.473,41.062
961,0.881,14.416,43.407,41.296
962,0.866,14.26,43.374,41.5
963,0.86,14.091,43.312,41.737
964,0.84,13.925,43.299,41.936
965,0.831,13.773,43.245,42.151
966,0.82,13.635,43.156,42.389
967,0.806,13.492,43.055,42.647
968,0.785,13.367,42.989,42.859
969,0.773,13.228,42.902,43.097
970,0.763,13.102,42.823,43.312
971,0.746,12.959,42.754,43.541
972,0.728,12.82,42.672,43.78
973,0.719,12.66,42.598,44.023
974,0.71,12.503,42.54,44.247
975,0.697,12.353,42.468,44.482
976,0.681,12.211,42.381,44.727
977,0.674,12.052,42.321,44.953
978,0.662,11.919,42.237,45.182
979,0.651,11.797,42.161,45.391
980,0.638,11.656,42.116,45.59
981,0.628,11.509,42.051,45.812
982,0.619,11.378,41.968,46.035
983,0.612,11.249,41.892,46.247
984,0.602,11.125,41.785,46.488
985,0.591,11.004,41.686,46.719
986,0.587,10.854,41.624,46.935
987,0.578,10.743,41.5,47.179
988,0.566,10.632,41.403,47.399
989,0.556,10.498,41.342,47.604
990,0.55,10.357,41.267,47.826
991,0.545,10.215,41.178,48.062
992,0.537,10.092,41.09,48.281
993,0.532,9.956,41.029,48.483
994,0.524,9.829,40.936,48.711
995,0.517,9.679,40.872,48.932
996,0.507,9.56,40.779,49.154
997,0.5,9.419,40.702,49.379
998,0.493,9.31,40.598,49.599
999,0.489,9.221,40.483,49.807
1000,0.482,9.112,40.373,50.033
1001,0.478,8.995,40.276,50.251
1002,0.472,8.875,40.164,50.489
1003,0.467,8.763,40.088,50.682
1004,0.458,8.661,39.989,50.892
1005,0.449,8.536,39.921,51.094
1006,0.444,8.413,39.836,51.307
1007,0.432,8.294,39.771,51.503
1008,0.423,8.204,39.688,51.685
1009,0.416,8.112,39.607,51.865
1010,0.414,8.01,39.511,52.065
1011,0.408,7.911,39.4,52.281
1012,0.406,7.802,39.267,52.525
1013,0.399,7.708,39.142,52.751
1014,0.395,7.601,39.036,52.968
1015,0.389,7.497,38.93,53.184
1016,0.38,7.399,38.812,53.409
1017,0.377,7.298,38.697,53.628
1018,0.372,7.199,38.567,53.862
1019,0.368,7.092,38.44,54.1
1020,0.363,7.002,38.335,54.3
1021,0.359,6.904,38.195,54.542
1022,0.353,6.813,38.057,54.777
1023,0.346,6.71,37.949,54.995
1024,0.34,6.606,37.838,55.216
1025,0.333,6.508,37.695,55.464
1026,0.329,6.423,37.568,55.68
1027,0.328,6.319,37.464,55.889
1028,0.323,6.23,37.345,56.102
1029,0.317,6.157,37.222,56.304
1030,0.311,6.061,37.09,56.538
1031,0.305,5.988,36.964,56.743
1032,0.299,5.918,36.816,56.967
1033,0.291,5.844,36.675,57.19
1034,0.287,5.766,36.537,57.41
1035,0.278,5.7,36.38,57.642
1036,0.274,5.639,36.209,57.878
1037,0.271,5.569,36.05,58.11
1038,0.266,5.5,35.892,58.342
1039,0.263,5.415,35.768,58.554
1040,0.259,5.316,35.669,58.756
1041,0.254,5.236,35.52,58.99
1042,0.25,5.172,35.362,59.216
1043,0.25,5.08,35.238,59.432
1044,0.247,4.996,35.11,59.647
1045,0.243,4.928,34.96,59.869
1046,0.24,4.869,34.794,60.097
1047,0.234,4.801,34.659,60.306
1048,0.23,4.72,34.52,60.53
1049,0.228,4.665,34.347,60.76
1050,0.222,4.609,34.187,60.982
1051,0.221,4.552,34.05,61.177
1052,0.219,4.498,33.882,61.401
1053,0.214,4.433,33.725,61.628
1054,0.211,4.363,33.539,61.887
1055,0.209,4.293,33.386,62.112
1056,0.203,4.236,33.21,62.351
1057,0.201,4.192,33.031,62.576
1058,0.199,4.135,32.852,62.814
1059,0.194,4.089,32.675,63.042
1060,0.187,4.028,32.513,63.272
1061,0.18,3.982,32.327,63.511
1062,0.179,3.931,32.123,63.767
1063,0.17,3.879,31.931,64.02
1064,0.167,3.825,31.701,64.307
1065,0.163,3.775,31.548,64.514
1066,0.159,3.725,31.369,64.747
1067,0.155,3.675,31.174,64.996
1068,0.154,3.617,31.028,65.201
1069,0.151,3.564,30.86,65.425
1070,0.149,3.528,30.675,65.648
1071,0.148,3.465,30.492,65.895
1072,0.146,3.409,30.316,66.129
1073,0.145,3.357,30.14,66.358
1074,0.142,3.32,29.951,66.587
1075,0.138,3.268,29.781,66.813
1076,0.136,3.21,29.637,67.017
1077,0.136,3.153,29.463,67.248
1078,0.133,3.114,29.244,67.509
1079,0.132,3.053,29.071,67.744
1080,0.129,2.994,28.917,67.96
1081,0.128,2.943,28.731,68.198
1082,0.124,2.903,28.556,68.417
1083,0.122,2.868,28.338,68.672
1084,0.118,2.831,28.142,68.909
1085,0.116,2.795,27.955,69.134
1086,0.114,2.765,27.769,69.352
1087,0.113,2.721,27.577,69.589
1088,0.11,2.677,27.383,69.83
1089,0.108,2.651,27.184,70.057
1090,0.106,2.604,27.0,70.29
1091,0.105,2.562,26.817,70.516
1092,0.102,2.52,26.635,70.743
1093,0.102,2.482,26.445,70.971
1094,0.101,2.443,26.263,71.193
1095,0.1,2.413,26.042,71.445
1096,0.096,2.388,25.837,71.679
1097,0.094,2.35,25.671,71.885
1098,0.093,2.308,25.48,72.119
1099,0.089,2.283,25.295,72.333
1100,0.085,2.247,25.147,72.521
1101,0.084,2.21,24.979,72.727
1102,0.082,2.17,24.808,72.94
1103,0.079,2.134,24.645,73.142
1104,0.079,2.095,24.462,73.364
1105,0.079,2.067,24.285,73.569
1106,0.078,2.036,24.103,73.783
1107,0.077,2.011,23.871,74.041
1108,0.076,1.975,23.676,74.273
1109,0.073,1.939,23.486,74.502
1110,0.072,1.905,23.311,74.712
1111,0.071,1.883,23.113,74.933
1112,0.071,1.859,22.904,75.166
1113,0.069,1.831,22.706,75.394
1114,0.066,1.812,22.543,75.579
1115,0.066,1.786,22.346,75.802
1116,0.065,1.771,22.144,76.02
1117,0.065,1.747,21.963,76.225
1118,0.064,1.728,21.773,76.435
1119,0.064,1.7,21.598,76.638
1120,0.063,1.669,21.43,76.838
1121,0.062,1.633,21.252,77.053
1122,0.06,1.615,21.061,77.264
1123,0.058,1.58,20.89,77.472
1124,0.058,1.561,20.701,77.68
1125,0.058,1.526,20.534,77.882
1126,0.056,1.502,20.336,78.106
1127,0.054,1.478,20.177,78.291
1128,0.054,1.455,19.982,78.509
1129,0.052,1.436,19.799,78.713
1130,0.052,1.412,19.649,78.887
1131,0.052,1.387,19.478,79.083
1132,0.05,1.361,19.291,79.298
1133,0.05,1.349,19.089,79.512
1134,0.05,1.328,18.916,79.706
1135,0.05,1.311,18.739,79.9
1136,0.049,1.29,18.584,80.077
1137,0.048,1.268,18.396,80.288
1138,0.045,1.247,18.214,80.494
1139,0.045,1.225,18.052,80.678
1140,0.044,1.208,17.891,80.857
1141,0.043,1.188,17.716,81.053
1142,0.042,1.169,17.57,81.219
1143,0.042,1.154,17.396,81.408
1144,0.042,1.137,17.25,81.571
1145,0.04,1.12,17.088,81.752
1146,0.039,1.098,16.927,81.936
1147,0.038,1.084,16.768,82.11
1148,0.038,1.061,16.605,82.296
1149,0.038,1.038,16.469,82.455
1150,0.037,1.02,16.309,82.634
1151,0.035,1.01,16.147,82.808
1152,0.035,0.991,16.005,82.969
1153,0.035,0.978,15.845,83.142
1154,0.035,0.956,15.697,83.312
1155,0.035,0.948,15.524,83.493
1156,0.035,0.931,15.379,83.655
1157,0.035,0.917,15.194,83.854
1158,0.034,0.906,15.037,84.023
1159,0.034,0.889,14.895,84.182
1160,0.034,0.876,14.718,84.372
1161,0.033,0.864,14.568,84.535
1162,0.032,0.849,14.416,84.703
1163,0.032,0.834,14.26,84.874
1164,0.032,0.828,14.091,85.049
1165,0.032,0.808,13.925,85.235
1166,0.031,0.8,13.773,85.396
1167,0.031,0.789,13.635,85.545
1168,0.031,0.775,13.492,85.702
1169,0.03,0.755,13.367,85.848
1170,0.029,0.744,13.228,85.999
1171,0.028,0.735,13.102,86.135
1172,0.028,0.718,12.959,86.295
1173,0.028,0.7,12.82,86.452
1174,0.028,0.691,12.66,86.621
1175,0.028,0.682,12.503,86.787
1176,0.027,0.67,12.353,86.95
1177,0.027,0.654,12.211,87.108
1178,0.027,0.647,12.052,87.274
1179,0.027,0.635,11.919,87.419
1180,0.027,0.624,11.797,87.552
1181,0.027,0.611,11.656,87.706
1182,0.027,0.601,11.509,87.863
1183,0.027,0.592,11.378,88.003
1184,0.027,0.585,11.249,88.139
1185,0.026,0.576,11.125,88.273
1186,0.026,0.565,11.004,88.405
1187,0.026,0.561,10.854,88.559
1188,0.026,0.552,10.743,88.679
1189,0.026,0.54,10.632,88.802
1190,0.026,0.53,10.498,88.946
1191,0.026,0.524,10.357,89.093
1192,0.025,0.52,10.215,89.24
1193,0.025,0.512,10.092,89.371
1194,0.025,0.507,9.956,89.512
1195,0.025,0.499,9.829,89.647
1196,0.024,0.493,9.679,89.804
1197,0.023,0.484,9.56,89.933
1198,0.023,0.477,9.419,90.081
1199,0.023,0.47,9.31,90.197
1200,0.023,0.466,9.221,90.29
1201,0.023,0.459,9.112,90.406
1202,0.023,0.455,8.995,90.527
1203,0.023,0.449,8.875,90.653
1204,0.023,0.444,8.763,90.77
1205,0.023,0.435,8.661,90.881
1206,0.023,0.426,8.536,91.015
1207,0.023,0.421,8.413,91.143
1208,0.023,0.409,8.294,91.274
1209,0.023,0.4,8.204,91.373
1210,0.023,0.393,8.112,91.472
1211,0.023,0.391,8.01,91.576
1212,0.023,0.385,7.911,91.681
1213,0.023,0.383,7.802,91.792
1214,0.023,0.376,7.708,91.893
1215,0.023,0.372,7.601,92.004
1216,0.023,0.366,7.497,92.114
1217,0.023,0.357,7.399,92.221
1218,0.023,0.354,7.298,92.325
1219,0.022,0.35,7.199,92.429
1220,0.022,0.346,7.092,92.54
1221,0.021,0.342,7.002,92.635
1222,0.021,0.338,6.904,92.737
1223,0.021,0.332,6.813,92.834
1224,0.02,0.326,6.71,92.944
1225,0.02,0.32,6.606,93.054
1226,0.02,0.313,6.508,93.159
1227,0.02,0.309,6.423,93.248
1228,0.02,0.308,6.319,93.353
1229,0.02,0.303,6.23,93.447
1230,0.018,0.299,6.157,93.526
1231,0.018,0.293,6.061,93.628
1232,0.017,0.288,5.988,93.707
1233,0.016,0.283,5.918,93.783
1234,0.016,0.275,5.844,93.865
1235,0.016,0.271,5.766,93.947
1236,0.015,0.263,5.7,94.022
1237,0.015,0.259,5.639,94.087
1238,0.014,0.257,5.569,94.16
1239,0.014,0.252,5.5,94.234
1240,0.014,0.249,5.415,94.322
1241,0.014,0.245,5.316,94.425
1242,0.014,0.24,5.236,94.51
1243,0.014,0.236,5.172,94.578
1244,0.013,0.237,5.08,94.67
1245,0.013,0.234,4.996,94.757
1246,0.013,0.23,4.928,94.829
1247,0.013,0.227,4.869,94.891
1248,0.013,0.221,4.801,94.965
1249,0.013,0.217,4.72,95.05
1250,0.013,0.215,4.665,95.107
1251,0.012,0.21,4.609,95.169
1252,0.012,0.209,4.552,95.227
1253,0.012,0.207,4.498,95.283
1254,0.012,0.202,4.433,95.353
1255,0.012,0.199,4.363,95.426
1256,0.012,0.197,4.293,95.498
1257,0.011,0.192,4.236,95.561
1258,0.011,0.19,4.192,95.607
1259,0.011,0.188,4.135,95.666
1260,0.011,0.183,4.089,95.717
1261,0.011,0.176,4.028,95.785
1262,0.011,0.169,3.982,95.838
1263,0.011,0.168,3.931,95.89
1264,0.011,0.159,3.879,95.951
1265,0.011,0.156,3.825,96.008
1266,0.01,0.153,3.775,96.062
1267,0.01,0.149,3.725,96.116
1268,0.01,0.145,3.675,96.17
1269,0.01,0.144,3.617,96.229
1270,0.01,0.141,3.564,96.285
1271,0.01,0.139,3.528,96.323
1272,0.01,0.138,3.465,96.387
1273,0.01,0.136,3.409,96.445
1274,0.01,0.135,3.357,96.498
1275,0.01,0.132,3.32,96.538
1276,0.01,0.128,3.268,96.594
1277,0.01,0.126,3.21,96.654
1278,0.01,0.126,3.153,96.711
1279,0.01,0.123,3.114,96.753
1280,0.01,0.122,3.053,96.815
1281,0.008,0.121,2.994,96.877
1282,0.008,0.12,2.943,96.929
1283,0.008,0.116,2.903,96.973
1284,0.008,0.114,2.868,97.01
1285,0.008,0.11,2.831,97.051
1286,0.008,0.108,2.795,97.089
1287,0.008,0.106,2.765,97.121
1288,0.008,0.105,2.721,97.166
1289,0.008,0.102,2.677,97.213
1290,0.008,0.1,2.651,97.241
1291,0.008,0.098,2.604,97.29
1292,0.008,0.097,2.562,97.333
1293,0.008,0.094,2.52,97.378
1294,0.008,0.094,2.482,97.416
1295,0.007,0.094,2.443,97.456
1296,0.007,0.093,2.413,97.487
1297,0.007,0.089,2.388,97.516
1298,0.007,0.087,2.35,97.556
1299,0.007,0.086,2.308,97.599
1300,0.007,0.082,2.283,97.628
1301,0.007,0.078,2.247,97.668
1302,0.007,0.077,2.21,97.706
1303,0.007,0.075,2.17,97.748
1304,0.007,0.072,2.134,97.787
1305,0.007,0.072,2.095,97.826
1306,0.007,0.072,2.067,97.854
1307,0.007,0.071,2.036,97.886
1308,0.007,0.07,2.011,97.912
1309,0.007,0.069,1.975,97.949
1310,0.007,0.066,1.939,97.988
1311,0.007,0.065,1.905,98.023
1312,0.007,0.064,1.883,98.046
1313,0.007,0.064,1.859,98.07
1314,0.007,0.062,1.831,98.1
1315,0.006,0.06,1.812,98.122
1316,0.006,0.06,1.786,98.148
1317,0.006,0.059,1.771,98.164
1318,0.006,0.059,1.747,98.188
1319,0.006,0.058,1.728,98.208
1320,0.006,0.058,1.7,98.236
1321,0.006,0.057,1.669,98.268
1322,0.006,0.056,1.633,98.305
1323,0.006,0.054,1.615,98.325
1324,0.006,0.052,1.58,98.362
1325,0.006,0.052,1.561,98.381
1326,0.005,0.053,1.526,98.416
1327,0.005,0.051,1.502,98.442
1328,0.005,0.049,1.478,98.468
1329,0.005,0.049,1.455,98.491
1330,0.005,0.047,1.436,98.512
1331,0.005,0.047,1.412,98.536
1332,0.005,0.047,1.387,98.561
1333,0.005,0.045,1.361,98.589
1334,0.005,0.045,1.349,98.601
1335,0.005,0.045,1.328,98.622
1336,0.005,0.045,1.311,98.639
1337,0.005,0.044,1.29,98.661
1338,0.005,0.043,1.268,98.684
1339,0.005,0.04,1.247,98.708
1340,0.005,0.04,1.225,98.73
1341,0.005,0.039,1.208,98.748
1342,0.005,0.038,1.188,98.769
1343,0.005,0.037,1.169,98.789
1344,0.005,0.037,1.154,98.804
1345,0.005,0.037,1.137,98.821
1346,0.005,0.035,1.12,98.84
1347,0.005,0.034,1.098,98.863
1348,0.005,0.033,1.084,98.878
1349,0.005,0.033,1.061,98.901
1350,0.005,0.033,1.038,98.924
1351,0.005,0.032,1.02,98.943
1352,0.005,0.03,1.01,98.955
1353,0.005,0.03,0.991,98.974
1354,0.005,0.03,0.978,98.987
1355,0.005,0.03,0.956,99.009
1356,0.005,0.03,0.948,99.017
1357,0.005,0.03,0.931,99.034
1358,0.005,0.03,0.917,99.048
1359,0.005,0.029,0.906,99.06
1360,0.005,0.029,0.889,99.077
1361,0.005,0.029,0.876,99.09
1362,0.005,0.028,0.864,99.103
1363,0.005,0.027,0.849,99.119
1364,0.005,0.027,0.834,99.134
1365,0.005,0.027,0.828,99.14
1366,0.005,0.027,0.808,99.16
1367,0.005,0.026,0.8,99.169
1368,0.005,0.026,0.789,99.18
1369,0.005,0.026,0.775,99.194
1370,0.005,0.025,0.755,99.215
1371,0.005,0.024,0.744,99.227
1372,0.005,0.023,0.735,99.237
1373,0.005,0.023,0.718,99.254
1374,0.005,0.023,0.7,99.272
1375,0.005,0.023,0.691,99.281
1376,0.005,0.023,0.682,99.29
1377,0.005,0.022,0.67,99.303
1378,0.005,0.022,0.654,99.319
1379,0.005,0.022,0.647,99.326
1380,0.005,0.022,0.635,99.338
1381,0.005,0.022,0.624,99.349
1382,0.005,0.022,0.611,99.362
1383,0.005,0.022,0.601,99.372
1384,0.005,0.022,0.592,99.381
1385,0.005,0.022,0.585,99.388
1386,0.005,0.021,0.576,99.398
1387,0.005,0.021,0.565,99.409
1388,0.005,0.021,0.561,99.413
1389,0.005,0.021,0.552,99.422
1390,0.005,0.021,0.54,99.434
1391,0.005,0.021,0.53,99.444
1392,0.005,0.021,0.524,99.45
1393,0.005,0.02,0.52,99.455
1394,0.005,0.02,0.512,99.463
1395,0.004,0.021,0.507,99.468
1396,0.004,0.021,0.499,99.476
1397,0.004,0.02,0.493,99.483
1398,0.004,0.019,0.484,99.493
1399,0.004,0.019,0.477,99.5
1400,0.004,0.019,0.47,99.507
1401,0.004,0.019,0.466,99.511
1402,0.004,0.019,0.459,99.518
1403,0.004,0.019,0.455,99.522
1404,0.004,0.019,0.449,99.528
1405,0.004,0.019,0.444,99.533
1406,0.004,0.019,0.435,99.542
1407,0.004,0.019,0.426,99.551
1408,0.004,0.019,0.421,99.556
1409,0.004,0.019,0.409,99.568
1410,0.004,0.019,0.4,99.577
1411,0.004,0.019,0.393,99.584
1412,0.004,0.019,0.391,99.586
1413,0.004,0.019,0.385,99.592
1414,0.004,0.019,0.383,99.594
1415,0.004,0.019,0.376,99.601
1416,0.004,0.019,0.372,99.605
1417,0.004,0.019,0.366,99.611
1418,0.004,0.019,0.357,99.62
1419,0.004,0.019,0.354,99.623
1420,0.004,0.018,0.35,99.628
1421,0.004,0.018,0.346,99.632
1422,0.004,0.017,0.342,99.637
1423,0.004,0.017,0.338,99.641
1424,0.004,0.017,0.332,99.647
1425,0.004,0.016,0.326,99.654
1426,0.004,0.016,0.32,99.66
1427,0.004,0.016,0.313,99.667
1428,0.004,0.016,0.309,99.671
1429,0.004,0.016,0.308,99.672
1430,0.004,0.016,0.303,99.677
1431,0.004,0.014,0.299,99.683
1432,0.004,0.014,0.293,99.689
1433,0.004,0.013,0.288,99.695
1434,0.004,0.012,0.283,99.701
1435,0.004,0.012,0.275,99.709
1436,0.004,0.012,0.271,99.713
